	Республика Марий Эл	Оренбургская область	Курганская область	Ханты-Мансийский автономный округ – Югра	Пензенская область	Тюменская область без автономных округов	Ульяновская область	Кировская область	Республика Мордовия	Чувашская Республика	Ямало-Ненецкий автономный округ	Пермский край	Саратовская область	Удмуртская Республика	Челябинская область	Республика Татарстан	Тюменская область	Республика Башкортостан	Самарская область	Свердловская область	Нижегородская область	
Республика Марий Эл	0	0.193366	0.0488091	2.23527	0.256425	0.58372	0.29711	0.464711	0.652574	0.671455	4.24851	1.26134	1.46107	1.5557	1.75312	1.88477	2.71957	2.16804	2.49616	2.84109	3.45699	
Оренбургская область	0.193366	0	0.237426	2.04191	0.30645	0.42091	0.347116	0.508229	0.674146	0.70293	4.05872	1.23418	1.46236	1.5432	1.73992	1.85276	2.58615	2.15668	2.47852	2.82214	3.44573	
Курганская область	0.0488091	0.237426	0	2.27818	0.241491	0.612662	0.279301	0.442319	0.63235	0.648635	4.28645	1.24878	1.4411	1.53875	1.73593	1.8719	2.73398	2.14983	2.4791	2.82407	3.43782	
Ханты-Мансийский автономный округ – Югра	2.23527	2.04191	2.27818	0	2.22457	1.73412	2.23987	2.29288	2.30296	2.34464	2.08976	2.31062	2.58923	2.54867	2.65683	2.58554	1.93044	2.93931	3.11689	3.36461	3.94027	
Пензенская область	0.256425	0.30645	0.241491	2.22457	0	0.495863	0.0428032	0.212413	0.39687	0.4178	4.1846	1.00739	1.20482	1.29945	1.49683	1.63061	2.52783	1.91163	2.23993	2.58488	3.20057	
Тюменская область без автономных округов	0.58372	0.42091	0.612662	1.73412	0.495863	0	0.507182	0.568256	0.629395	0.671055	3.692	0.996983	1.26863	1.31741	1.50481	1.57868	2.17104	1.91355	2.21784	2.55454	3.18597	
Ульяновская область	0.29711	0.347116	0.279301	2.23987	0.0428032	0.507182	0	0.169757	0.355492	0.375562	4.18988	0.969966	1.16399	1.25982	1.4571	1.59285	2.50871	1.87152	2.20027	2.54523	3.16015	
Кировская область	0.464711	0.508229	0.442319	2.29288	0.212413	0.568256	0.169757	0	0.19097	0.206762	4.1994	0.818285	0.998932	1.09884	1.29558	1.43831	2.42456	1.70839	2.03851	2.38343	2.99574	
Республика Мордовия	0.652574	0.674146	0.63235	2.30296	0.39687	0.629395	0.355492	0.19097	0	0.0424007	4.1534	0.630837	0.808853	0.907878	1.10462	1.24863	2.28725	1.51766	1.84759	2.19252	2.80548	
Чувашская Республика	0.671455	0.70293	0.648635	2.34464	0.4178	0.671055	0.375562	0.206762	0.0424007	0	4.19063	0.629671	0.793786	0.897321	1.09319	1.24278	2.30848	1.50428	1.83535	2.18011	2.79046	
Ямало-Ненецкий автономный округ	4.24851	4.05872	4.28645	2.08976	4.1846	3.692	4.18988	4.1994	4.1534	4.19063	0	3.92615	4.14043	4.04674	4.06921	3.91029	2.51245	4.17829	4.20105	4.30411	4.69545	
Пермский край	1.26134	1.23418	1.24878	2.31062	1.00739	0.996983	0.969966	0.818285	0.630837	0.629671	3.92615	0	0.292745	0.320449	0.511192	0.623426	1.79215	0.926054	1.2445	1.58796	2.21264	
Саратовская область	1.46107	1.46236	1.4411	2.58923	1.20482	1.26863	1.16399	0.998932	0.808853	0.793786	4.14043	0.292745	0	0.13882	0.309457	0.497782	1.89695	0.711276	1.04381	1.38792	1.99682	
Удмуртская Республика	1.5557	1.5432	1.53875	2.54867	1.29945	1.31741	1.25982	1.09884	0.907878	0.897321	4.04674	0.320449	0.13882	0	0.197499	0.363512	1.77057	0.613863	0.940482	1.28544	1.90363	
Челябинская область	1.75312	1.73992	1.73593	2.65683	1.49683	1.50481	1.4571	1.29558	1.10462	1.09319	4.06921	0.511192	0.309457	0.197499	0	0.21517	1.72059	0.416767	0.743171	1.08814	1.70634	
Республика Татарстан	1.88477	1.85276	1.8719	2.58554	1.63061	1.57868	1.59285	1.43831	1.24863	1.24278	3.91029	0.623426	0.497782	0.363512	0.21517	0	1.52313	0.36475	0.639901	0.976332	1.6073	
Тюменская область	2.71957	2.58615	2.73398	1.93044	2.52783	2.17104	2.50871	2.42456	2.28725	2.30848	2.51245	1.79215	1.89695	1.77057	1.72059	1.52313	0	1.71985	1.6972	1.79353	2.23197	
Республика Башкортостан	2.16804	2.15668	2.14983	2.93931	1.91163	1.91355	1.87152	1.70839	1.51766	1.50428	4.17829	0.926054	0.711276	0.613863	0.416767	0.36475	1.71985	0	0.333913	0.676811	1.28981	
Самарская область	2.49616	2.47852	2.4791	3.11689	2.23993	2.21784	2.20027	2.03851	1.84759	1.83535	4.20105	1.2445	1.04381	0.940482	0.743171	0.639901	1.6972	0.333913	0	0.344974	0.969413	
Свердловская область	2.84109	2.82214	2.82407	3.36461	2.58488	2.55454	2.54523	2.38343	2.19252	2.18011	4.30411	1.58796	1.38792	1.28544	1.08814	0.976332	1.79353	0.676811	0.344974	0	0.632487	
Нижегородская область	3.45699	3.44573	3.43782	3.94027	3.20057	3.18597	3.16015	2.99574	2.80548	2.79046	4.69545	2.21264	1.99682	1.90363	1.70634	1.6073	2.23197	1.28981	0.969413	0.632487	0	
